100081509540401
100078307695149
100081269046272
100078267182480
100083642846778
100070412357283
100008373608818
100077355531503
100073275055857
100026580040549
100013329317568
100008551323572
100010150476080
100052313985954
100008513649784
100088223237548
100024525070406
100049434562927
100090843098523
100023669225285
100079953931696
100064945309821
100006773387703
100047299320514
100005201682938
100093259582633
100086884391622
100056405130662
100004935559015
100074487561127
100013543156369
100001430448776
100011020846063
100064389363385
100032020852154
100069468500277
100008802615059
100005598017112
100046119817383
100004222965145
100005401982148
100051257093729
100007124357533
100036088277576
100090592785792
100071295398054
100005829274212
100083943529315
100036803316978
61556332644717
100008392118978
100070551428120
100006943034014
100031643167917
100043614007744
100086912321015
100012292962707
100004604234768
100005248456141
100010182631558
100009111311309
100004669336878
100023877291662
100008906441319
61557367051809
61550790570422
100037137128018
100019025678644
100012252182062
100009017183219
100068917564179
100071277997539
100049745954912
100079460905406
100008168318538
61556763137615
100088806423548
100046613766037
100082589575090
100064191691783
100013339599512
100081988867360
100052103143711
100066116751393
100080874314928
61557517697551
100063495386240
100048960881288
100013208774308
100009017406828
100086731082276
100070251953526
100011784185128
61553576803190
100006852408575
100005409154831
100080902933692
100010021337660
100006921855606
100005698323814
61551676334250
100088443051894
100090412311244
100030082653601
61553953086499
61557865181995
61550125080885
100037396689657
100073295517596
100087981051514
100058574445699
100020556131922
100050626021920
100067612166261
100066507932175
100042071719434
100094706021837
100008811106563
100094508088205
100015529395127
100083368835040
61553866365082
100086060511348
100007717997651
100091914306129
100086520357682
100042640743453
100086212338887
100045344105448
100058121749712
100091538931367
100004647886329
100007823890953
100035596080526
100073509944245
100088400163272
100040236543682
100009435874497
100091568749836
61556809678929
100087605927930
61552081487776
100058743843478
61551353566197